49 28 50
81 5 21
115 43 107
89 27 50
103 26 81
22 13 128
42 19 116
111 28 63
20 40 81
19 19 49
102 13 70
112 43 2
7 27 113
50 36 51
39 14 96
51 29 96
31 43 47
87 12 113
7 27 77
111 32 132
113 19 3
50 30 122
78 27 5
102 13 95
28 9 21
73 30 21
89 19 81
5 30 28
29 2 83
31 27 21
32 29 15
65 28 28
77 30 113
82 27 28
126 27 50
113 27 122
120 26 23
65 15 43
50 5 59
134 27 21
29 40 5
81 41 74
13 15 92
19 5 73
126 43 107
89 29 10
32 28 27
57 19 116
19 27 73
109 0 5
89 27 36
116 15 43
78 3 19
89 27 12
10 2 13
53 20 81
10 25 27
50 19 63
72 28 123
95 43 107
95 42 79
126 27 113
10 25 38
59 29 53
77 5 99
48 43 66
28 30 27
31 13 95
4 43 9
53 2 111
104 43 107
15 13 105
113 29 10
20 40 77
61 43 93
76 43 93
127 5 57
100 5 63
82 2 111
65 27 99
65 41 32
10 2 32
117 41 12
91 0 77
127 7 73
50 40 19
76 5 113
49 15 92
106 6 52
63 30 77
77 5 21
86 41 118
57 19 88
55 27 77
48 43 107
5 29 53
37 20 57
57 19 110
82 20 77
20 27 77
104 20 73
17 45 120
46 45 120
42 19 50
78 42 79
1 28 20
35 22 96
79 5 100
42 19 59
34 20 81
47 13 70
77 19 113
24 28 21
73 30 74
87 27 42
82 40 28
74 13 16
106 0 102
5 19 59
104 13 134
59 27 113
41 29 48
73 9 81
16 13 17
95 3 57
21 30 131
100 9 49
118 15 92
31 13 60
49 5 113
117 28 38
72 43 124
77 12 50
82 27 5
57 36 89
28 27 131
77 27 9
46 15 92
42 17 118
19 40 49
72 39 39
52 2 32
65 27 87
21 29 53
20 20 57
113 19 110
34 42 52
63 30 50
60 13 64
131 13 12
124 29 68
21 30 99
1 20 19
59 27 116
79 5 63
109 16 59
78 34 92
118 13 16
111 43 18
99 30 116
131 13 56
71 28 36
21 30 77
79 7 59
19 30 63
75 31 47
5 27 27
89 36 128
77 18 89
2 15 43
10 40 100
127 5 52
38 20 89
19 5 113
132 37 60
57 40 49
109 0 10
91 26 81
32 28 77
19 30 27
39 11 129
66 10 106
87 19 5
22 11 80
19 12 57
106 23 64
28 27 116
74 43 118
104 27 77
42 19 110
63 30 19
86 29 53
37 43 98
134 27 50
29 40 81
55 27 73
109 6 19
81 28 77
57 5 87
100 27 122
63 27 9
65 28 87
10 27 116
71 29 20
105 20 50
28 19 3
50 19 5
123 0 64
113 30 87
34 6 50
69 26 81
86 28 27
19 19 110
52 19 120
42 43 107
100 43 81
77 40 100
132 37 30
113 27 77
40 33 91
30 13 35
73 40 57
42 17 1
19 5 59
77 30 57
29 2 99
109 16 37
89 26 42
94 28 111
57 27 118
123 34 43
52 40 89
15 27 59
78 43 108
73 18 19
89 9 49
57 30 38
126 20 73
77 30 115
50 30 1
134 27 116
49 41 17
41 28 78
57 43 116
77 36 57
31 15 92
73 30 16
32 41 38
57 12 89
57 36 39
87 27 28
105 20 73
10 2 113
65 27 59
118 15 43
81 19 89
89 43 116
49 41 58
51 29 114
75 26 57
29 27 116
106 6 57
19 9 50
63 29 70
109 16 11
111 28 89
106 43 103
78 40 21
51 15 92
57 12 19
12 20 19
19 9 73
65 41 25
59 27 56
37 13 64
47 43 18
19 43 45
50 5 73
50 43 73
22 29 67
126 13 34
128 14 96
52 19 106
131 43 107
113 27 118
106 16 34
106 27 57
3 19 81
50 40 77
45 19 49
73 19 78
89 27 63
106 0 19
10 27 19
10 25 1
109 16 53
30 27 59
78 27 59
60 13 20
66 43 93
45 19 89
52 19 78
50 27 77
28 29 29
53 43 107
63 30 115
22 14 114
109 23 55
99 29 20
76 17 17
50 36 46
28 27 50
21 29 29
32 41 131
52 19 109
125 26 23
111 28 38
123 0 35
75 25 50
131 28 134
78 26 77
75 26 50
95 40 73
25 43 118
7 27 28
58 43 18
99 30 77
10 27 89
24 28 99
21 27 50
125 43 108
94 43 2
31 20 19
26 7 6
134 2 71
91 43 129
10 27 5
89 15 43
123 0 53
76 17 4
120 26 46
69 26 100
13 41 56
110 19 45
34 40 89
73 30 116
102 43 47
32 29 10
88 5 89
111 41 118
87 30 17
57 36 51
50 5 89
77 27 38
8 22 96
85 43 93
5 43 21
49 5 77
77 29 132
55 27 99
123 0 57
52 40 77
32 41 115
53 40 21
11 27 73
65 41 27
13 44 32
42 19 19
54 20 81
22 11 120
20 40 28
84 34 92
134 40 77
87 27 116
20 2 83
75 5 77
87 30 38
5 27 76
55 2 28
47 13 29
38 28 20
5 18 113
105 43 107
95 2 59
60 13 11
7 27 89
45 15 43
113 19 120
41 43 93
95 40 100
89 27 25
53 40 81
60 27 19
10 13 53
64 27 59
123 0 87
70 27 59
22 11 125
70 40 87
106 0 70
71 41 4
46 14 66
106 14 34
57 40 73
26 7 80
5 30 36
94 28 77
37 20 50
22 11 130
78 40 99
88 26 92
1 20 57
49 19 59
29 27 99
10 40 57
73 36 22
83 41 58
55 20 73
1 13 25
127 26 100
95 40 77
123 0 89
89 40 19
105 27 5
81 5 77
128 14 114
19 5 52
95 3 50
65 28 106
128 29 67
75 5 5
52 2 5
115 13 58
99 27 118
77 30 122
57 9 77
99 19 49
31 13 105
75 31 55
23 11 84
10 13 55
1 13 27
110 19 28
49 28 73
124 28 123
79 43 107
59 19 81
30 27 113
49 27 17
49 9 81
11 13 8
21 30 19
103 26 49
7 27 50
32 28 63
113 19 87
57 9 49
62 43 107
106 16 102
125 15 43
24 28 63
77 27 57
50 40 57
86 43 117
127 7 50
132 20 49
4 43 18
24 28 132
57 30 21
75 5 21
59 43 108
57 27 87
34 2 71
109 0 77
134 20 57
13 44 111
76 19 52
119 15 92
38 13 58
19 19 87
113 29 134
97 27 63
109 16 34
85 31 121
27 13 9
111 43 83
131 28 10
28 18 21
36 13 38
34 42 77
70 2 71
34 13 8
13 28 21
100 19 116
87 19 21
64 20 49
114 20 50
91 26 49
46 11 120
123 0 30
78 14 67
45 19 19
71 29 102
73 30 19
78 26 19
28 30 74
71 28 5
100 27 131
70 40 81
53 20 57
97 27 99
65 43 83
95 20 77
10 25 89
109 0 53
123 26 57
128 13 23
3 19 113
83 29 60
83 8 132
8 27 113
57 40 77
77 40 50
20 13 82
90 26 50
50 26 73
29 40 59
63 30 38
127 5 63
125 26 43
50 19 73
89 26 50
120 26 22
82 13 64
83 29 15
7 15 92
134 20 50
117 43 107
86 28 113
5 29 134
57 5 99
46 43 93
19 27 25
21 27 77
124 33 106
103 43 80
111 35 24
21 27 113
111 38 24
50 27 73
77 12 19
31 13 15
19 19 100
22 26 52
63 27 115
134 15 43
73 19 103
99 30 25
20 40 59
99 27 4
36 13 27
34 27 63
22 11 123
91 14 114
126 27 5
97 27 73
37 27 28
106 6 89
0 10 120
47 13 55
110 19 19
8 20 49
5 27 21
50 27 131
38 15 92
10 2 59
123 0 55
111 29 104
99 19 59
127 7 5
5 19 63
29 40 99
87 19 89
23 43 93
37 15 43
17 43 56
99 27 77
59 30 5
13 41 4
80 26 49
30 13 37
70 2 86
113 19 5
105 13 37
31 13 35
59 18 113
72 28 109
23 14 66
76 19 110
79 26 57
26 19 113
73 30 5
41 29 66
73 27 12
73 12 57
47 13 8
71 27 87
78 26 73
39 43 23
89 27 57
125 27 113
95 42 100
19 19 120
100 41 74
99 30 59
27 13 17
109 0 21
49 19 45
106 43 129
50 5 5
57 30 77
99 30 131
134 40 59
89 27 9
71 28 21
71 28 81
77 9 52
105 13 34
79 26 73
89 27 4
111 41 16
10 40 89
77 30 27
15 43 98
89 26 77
21 19 45
104 27 87
71 41 74
80 15 92
106 23 29
100 19 52
23 11 120
134 40 57
70 43 107
41 43 124
13 28 57
57 40 89
77 30 87
131 13 74
78 43 129
106 27 21
117 28 27
10 20 19
117 43 18
75 7 57
109 16 95
94 28 57
51 11 6
28 19 5
34 43 107
89 27 56
77 19 59
60 27 5
109 34 106
125 43 120
18 15 92
31 13 64
19 40 100
42 17 9
42 19 21
109 0 89
99 19 5
57 29 82
109 0 28
77 5 28
127 26 19
123 26 81
77 15 43
49 27 118
126 27 28
111 29 30
77 30 38
77 40 57
51 11 91
62 43 93
128 11 90
74 43 56
49 27 25
86 29 29
34 40 21
79 15 43
77 30 73
127 7 59
20 40 50
89 27 125
59 27 16
59 19 63
8 13 70
123 0 113
75 31 98
77 18 57
28 19 87
102 20 100
97 20 77
104 27 116
60 13 70
125 4 0
132 20 50
59 30 16
60 27 50
109 34 92
5 27 56
106 26 77
10 27 63
50 19 87
63 27 4
126 43 64
83 28 100
39 29 54
21 29 70
50 27 116
29 27 113
77 30 50
50 43 116
99 18 113
50 29 10
111 29 15
99 27 42
53 2 87
113 27 42
59 27 87
88 26 22
45 19 110
28 9 99
83 28 50
87 27 59
7 13 53
19 29 70
134 20 89
32 29 102
11 20 49
47 27 73
32 28 36
32 28 106
8 43 98
83 29 134
76 19 99
49 5 87
22 15 92
106 23 132
5 27 36
51 13 39
116 30 59
125 43 129
89 12 73
9 13 4
110 15 92
126 20 57
89 29 82
84 26 100
71 29 60
13 41 122
91 0 34
21 36 44
95 3 77
132 43 107
32 41 56
86 8 132
8 13 134
34 40 73
73 30 36
16 43 118
65 29 30
113 19 89
89 30 73
57 27 113
50 30 77
75 7 42
127 5 100
99 27 74
41 33 109
99 19 28
64 27 63
29 27 21
105 20 89
24 41 111
125 26 69
70 27 50
63 19 5
98 20 73
123 0 63
75 25 100
81 27 59
49 27 122
99 30 12
22 11 91
50 19 59
113 30 28
22 11 109
29 40 113
85 31 28
123 0 21
1 13 74
59 30 74
63 15 43
106 0 105
36 13 17
51 11 109
57 9 52
29 27 63
70 20 89
5 19 99
31 13 8
55 40 19
24 10 119
81 27 4
35 13 55
134 2 32
50 19 49
42 19 87
126 20 81
86 44 111
73 27 21
39 29 48
73 30 89
111 41 58
39 11 106
20 2 59
36 43 107
53 27 57
65 29 15
87 30 58
87 30 74
57 43 63
28 29 134
46 14 48
19 9 89
101 3 73
49 41 36
50 12 77
78 27 63
106 23 53
106 27 89
48 27 124
8 27 116
50 40 49
71 27 113
73 36 128
75 26 100
37 13 134
117 41 4
35 27 28
111 28 49
8 27 59
118 43 56
21 27 1
109 0 50
116 15 92
23 11 123
21 30 16
28 27 9
65 28 27
34 40 5
31 13 104
37 27 63
4 45 125
34 40 57
55 20 50
34 27 113
49 28 57
73 19 88
29 13 55
30 27 5
34 20 19
7 13 37
101 3 52
48 43 93
77 27 99
23 14 101
114 43 18
19 9 49
77 19 89
46 11 6
67 20 52
71 28 87
99 18 87
9 13 56
23 45 120
28 30 131
3 19 89
47 20 49
116 30 63
20 27 113
49 19 57
9 13 74
26 43 107
49 36 23
37 27 5
71 41 25
29 43 107
89 5 28
73 27 28
78 14 54
91 0 85
20 13 53
124 28 78
113 29 46
36 13 16
15 27 5
46 14 96
65 41 86
68 15 92
10 40 50
57 36 22
127 5 28
116 19 50
7 22 96
94 28 63
11 13 37
60 27 21
53 27 59
83 41 56
74 43 107
5 27 1
59 30 118
28 19 116
52 19 5
17 13 56
99 19 81
131 28 29
38 28 82
77 30 28
59 30 17
78 26 57
31 13 29
100 26 42
71 29 7
20 20 81
90 15 92
79 7 21
32 29 7
89 29 134
105 27 28
1 15 92
76 15 43
39 14 68
87 9 59
73 30 17
77 40 81
52 19 81
73 29 10
34 3 89
95 40 59
59 19 73
54 42 89
47 20 89
15 27 89
113 27 115
128 29 96
49 28 38
89 30 16
7 13 95
22 29 114
98 43 18
73 36 57
79 7 87
39 11 6
32 41 25
12 20 89
63 43 45
94 35 24
128 29 68
99 30 17
6 15 92
52 19 63
37 27 113
19 30 25
50 30 56
65 28 78
41 39 39
1 20 89
32 41 16
7 20 89
32 41 118
21 30 5
113 27 99
19 30 89
77 5 89
40 28 106
49 41 122
79 5 99
60 20 81
95 27 73
7 20 52
3 19 100
49 19 78
93 15 92
20 40 19
106 26 19
25 43 56
109 23 34
5 29 70
91 0 89
16 43 9
50 30 74
74 13 56
81 28 38
34 22 96
19 18 89
29 20 73
73 36 46
134 2 21
95 40 50
83 28 63
30 13 95
37 43 18
99 30 63
95 43 18
78 3 73
82 13 10
52 2 28
65 29 104
77 19 21
19 29 86
15 13 11
19 30 5
81 5 59
5 30 56
79 6 81
46 43 23
55 40 59
65 41 9
92 15 43
53 13 35
40 33 103
27 15 92
41 15 43
31 20 100
100 28 77
70 40 50
99 30 9
15 20 49
32 28 19
118 45 125
55 27 57
133 43 2
65 28 49
102 13 55
134 2 86
125 26 42
5 29 132
50 27 58
55 2 71
42 19 73
104 27 28
79 26 81
103 27 59
126 13 53
86 28 38
106 27 50
34 2 59
55 20 52
89 30 56
22 45 125
134 2 111
48 27 39
104 13 64
76 31 21
76 19 3
83 41 27
70 20 100
97 20 50
60 13 104
31 13 11
128 11 84
105 20 49
57 18 89
109 16 15
113 30 50
20 40 99
22 13 23
134 40 87
7 20 50
81 41 56
32 28 81
104 27 50
123 0 99
96 43 67
29 27 59
12 13 74
23 43 107
87 27 19
106 0 34
99 27 89
28 43 45
63 30 73
86 43 18
34 42 79
4 43 56
113 19 99
106 0 10
71 41 36
116 30 28
42 19 113
51 39 124
30 27 63
78 42 100
60 43 47
19 27 87
73 5 77
19 27 59
19 27 116
126 13 10
31 27 28
24 28 57
50 27 122
47 13 11
9 13 122
32 15 43
109 16 29
50 36 39
82 2 28
49 5 5
71 27 21
5 27 12
116 19 77
101 20 73
65 41 122
116 27 77
2 19 113
128 45 125
73 40 77
19 29 134
51 11 78
52 19 116
19 29 20
134 2 83
19 27 50
125 26 100
32 43 107
20 40 5
15 27 57
59 19 5
103 27 73
76 19 21
32 28 50
29 2 111
129 15 92
100 36 22
113 19 81
106 16 8
102 13 37
65 28 52
95 27 63
53 27 73
81 27 113
95 2 111
31 13 55
15 15 43
55 40 50
82 40 81
28 19 81
129 43 108
89 27 73
40 28 80
134 13 82
127 7 99
52 19 3
19 12 73
52 19 103
134 40 21
71 28 57
49 27 58
83 41 17
73 27 89
15 13 8
73 19 50
108 15 92
113 18 21
113 30 57
106 23 30
83 28 89
102 13 104
78 27 73
106 23 15
29 40 49
109 0 132
21 19 63
19 30 21
27 20 73
44 10 28
71 28 27
23 14 48
40 33 84
53 40 57
47 13 30
65 29 132
72 28 90
35 20 100
77 43 45
9 43 107
122 15 92
15 27 116
91 0 95
77 27 28
5 30 19
29 2 71
11 27 21
40 28 90
87 30 56
22 29 54
106 0 64
94 28 49
97 27 19
95 27 57
31 27 77
86 41 58
37 22 96
86 28 87
103 26 89
89 19 103
37 20 52
58 13 122
32 29 30
70 43 98
114 20 100
13 41 16
88 27 125
53 26 1
99 27 16
77 27 19
60 13 35
47 27 59
19 19 78
95 2 83
33 43 93
127 26 81
19 27 57
73 30 87
134 20 77
75 25 52
77 9 73
124 43 107
34 40 50
49 41 1
59 18 28
23 14 96
82 40 49
48 27 128
57 43 108
86 28 57
49 36 22
77 19 109
99 27 57
75 5 49
23 15 43
119 43 107
70 27 5
109 16 104
5 10 44
19 19 116
113 15 92
81 19 113
51 39 72
86 41 16
50 30 28
117 41 74
89 15 92
13 41 131
64 20 50
95 13 10
95 22 96
109 0 99
57 19 63
82 27 59
88 26 61
52 2 21
60 43 64
95 20 50
38 13 16
127 7 21
70 40 99
134 27 73
106 16 35
119 43 14
97 27 5
89 18 19
5 15 43
22 26 50
62 15 92
46 29 96
109 6 50
45 19 73
113 27 125
7 43 47
6 43 129
105 27 89
23 29 67
91 0 132
77 27 27
50 19 120
50 27 28
77 43 108
23 45 88
75 31 82
102 13 64
75 25 59
57 30 27
4 45 88
124 28 103
69 43 2
59 27 73
42 17 131
95 42 89
49 19 109
43 43 107
63 43 108
63 43 116
125 30 88
91 0 30
75 31 59
95 13 55
78 3 77
46 29 48
63 27 56
46 14 68
73 27 9
59 27 12
15 13 64
91 26 52
90 26 57
50 29 70
109 16 63
104 20 77
76 19 59
25 15 92
54 42 19
78 27 99
89 5 73
57 12 77
22 11 88
87 27 9
29 20 49
126 20 50
5 27 59
134 20 100
72 29 66
52 2 65
101 20 19
53 20 50
60 27 99
77 27 16
99 30 21
15 20 57
35 20 50
63 30 16
57 27 12
49 41 118
102 27 57
89 19 78
49 36 39
89 18 77
72 28 78
89 40 81
59 27 131
73 5 89
75 31 87
50 30 36
47 20 57
32 29 60
82 27 57
28 30 21
85 31 133
100 19 78
86 28 21
28 30 17
73 29 29
29 27 19
115 28 10
117 41 38
42 5 99
100 36 128
11 13 82
46 11 90
95 20 100
77 36 19
86 28 106
71 28 52
28 18 113
128 11 123
86 28 78
111 35 32
104 13 82
96 20 100
82 20 49
24 32 86
65 28 59
109 23 132
125 26 39
82 15 43
106 27 99
5 9 28
39 11 88
30 27 99
106 27 19
63 30 21
34 15 92
100 27 36
21 27 87
50 40 52
95 6 77
12 43 18
77 27 56
57 27 58
19 27 28
77 19 99
5 19 3
111 41 17
111 43 117
7 13 29
55 15 43
99 19 87
64 20 77
99 30 36
20 40 87
109 15 92
75 26 89
115 13 9
106 16 53
51 6 77
72 28 103
134 13 70
99 30 73
89 36 57
21 18 87
51 29 68
104 27 99
50 27 25
69 15 43
72 33 90
47 13 95
90 34 92
126 13 20
73 19 100
25 43 9
31 13 10
30 20 89
113 27 16
101 42 52
106 34 43
131 13 122
109 16 5
47 13 134
113 27 4
20 2 32
49 40 81
52 19 125
47 13 126
103 27 57
87 27 12
117 41 17
50 12 73
99 30 16
60 13 37
99 27 9
111 28 21
63 19 50
70 40 57
15 13 29
90 43 80
49 19 19
120 27 125
59 30 21
128 29 66
37 20 77
81 28 89
22 14 66
8 27 21
55 20 19
95 40 52
15 13 102
38 28 53
5 27 19
87 27 21
20 2 111
99 27 116
87 30 19
106 26 81
80 26 89
70 26 1
52 36 39
24 28 5
19 30 116
90 26 49
74 15 92
125 26 76
10 40 63
52 19 57
67 20 19
3 19 99
106 16 37
85 31 99
78 42 73
64 27 21
60 22 96
106 0 29
38 13 12
111 41 74
100 27 113
73 12 50
54 42 100
86 28 59
99 27 113
91 0 7
78 40 89
32 41 1
32 41 86
60 20 77
99 30 57
23 11 125
23 29 68
49 19 103
94 28 50
20 40 89
106 16 47
49 36 46
21 27 74
47 20 52
120 26 69
113 27 21
134 20 19
39 11 91
116 43 108
91 26 100
54 3 89
21 30 57
59 30 63
100 5 73
89 27 77
21 43 116
89 27 27
126 13 11
134 27 57
100 19 45
29 2 65
99 18 21
40 28 91
82 43 18
99 29 132
10 40 28
111 15 92
109 16 31
87 30 1
99 30 122
55 2 86
8 27 99
65 28 19
46 11 125
86 41 17
5 30 77
70 40 63
37 27 50
8 20 50
25 45 88
105 13 11
101 42 81
81 43 107
109 23 37
55 40 113
14 43 93
32 41 9
19 29 10
46 29 101
10 40 113
55 40 52
106 26 52
109 0 85
47 27 99
42 15 43
95 13 35
87 27 122
49 41 4
19 19 77
87 30 115
0 19 113
125 26 19
106 0 20
20 13 35
106 23 102
96 20 77
100 5 5
70 2 28
99 19 89
105 43 64
32 41 4
7 43 60
28 27 1
25 13 16
57 29 20
20 13 70
98 20 50
82 27 21
50 5 57
21 19 19
82 2 113
83 28 73
109 0 30
111 28 50
29 40 21
42 17 16
100 19 59
122 13 56
20 26 1
11 13 134
24 24 32
126 13 134
133 17 15
10 43 37
114 20 73
71 41 122
42 19 45
89 40 73
89 36 52
53 40 87
57 43 73
75 31 5
60 43 18
21 27 38
87 30 12
82 15 92
52 19 89
65 41 38
109 23 29
79 26 50
49 19 50
106 14 101
110 43 3
39 14 101
22 43 107
13 43 18
29 13 64
63 19 73
106 16 11
106 16 10
63 27 19
89 27 120
27 28 29
57 19 99
123 43 129
73 30 59
101 20 100
19 30 4
113 19 50
63 30 9
52 2 113
28 30 113
12 45 125
81 19 109
70 20 19
105 13 82
52 19 88
59 30 115
15 13 35
72 33 109
29 2 5
21 27 57
109 34 78
89 19 100
131 13 4
77 26 50
117 28 36
7 20 19
82 26 1
29 27 28
131 15 92
76 17 38
128 13 39
63 19 3
1 13 56
77 27 122
36 13 118
87 43 45
81 19 106
27 28 82
63 27 5
106 23 104
72 43 107
65 35 24
104 27 59
95 40 81
27 13 58
12 13 4
5 19 116
100 41 118
5 29 20
104 15 92
28 30 57
109 0 57
109 34 43
30 43 64
86 28 99
113 30 118
31 27 19
105 20 52
102 20 52
34 3 50
100 19 19
125 26 81
73 27 87
12 45 120
73 19 110
130 15 43
82 13 35
79 5 50
47 27 113
89 27 59
46 29 67
20 40 52
19 19 5
22 13 39
50 9 49
7 13 20
77 5 50
82 27 77
99 30 50
109 43 108
39 29 66
106 23 20
5 19 87
103 26 73
49 27 56
94 43 93
49 19 120
77 15 92
100 19 103
10 40 81
76 5 99
7 13 64
50 40 100
50 18 19
21 27 4
19 40 73
124 28 106
27 28 70
64 27 28
125 26 49
98 20 89
118 13 4
105 27 87
47 27 57
113 27 74
74 13 17
113 27 89
96 20 89
106 0 104
116 43 45
100 19 106
91 0 70
39 11 123
23 29 96
70 40 52
132 41 111
130 15 92
52 40 100
50 30 131
5 19 57
32 29 134
23 11 88
5 30 87
61 17 39
53 2 28
28 43 108
27 13 56
77 19 116
109 6 49
38 20 19
63 27 57
43 15 92
126 13 102
113 19 45
70 2 113
113 30 73
24 19 113
57 29 70
24 43 0
59 19 52
120 5 113
100 41 12
15 20 50
47 27 19
50 19 19
106 23 70
39 29 114
85 43 107
106 0 47
102 43 64
28 27 21
28 18 87
73 27 5
36 28 29
61 17 51
87 43 21
49 27 36
81 19 49
47 13 20
88 43 129
76 5 87
105 13 53
34 43 98
94 28 81
134 40 19
79 7 76
77 18 19
87 19 57
100 19 77
81 41 38
77 5 19
57 19 81
24 38 32
110 19 21
51 39 40
1 28 10
100 28 38
5 30 118
50 29 132
36 13 9
73 27 116
19 43 73
47 13 34
50 30 17
5 30 131
80 43 129
57 19 125
97 27 113
97 15 92
29 20 57
19 29 29
111 29 60
110 19 100
5 27 115
73 36 52
75 25 49
113 19 77
73 30 77
91 0 42
73 40 100
63 30 74
100 27 17
23 11 129
20 2 99
106 0 73
50 30 115
16 13 58
51 39 41
83 29 104
54 3 77
85 31 69
102 13 53
79 15 92
52 2 87
109 0 116
25 45 120
78 42 77
106 6 49
19 27 12
80 26 81
31 13 20
89 19 73
59 30 57
111 28 81
79 5 28
109 23 104
77 30 16
95 40 5
111 28 57
87 29 46
87 27 56
45 19 81
76 31 87
77 9 81
47 43 98
109 27 87
106 0 132
47 13 53
11 43 98
57 40 19
81 41 25
100 19 81
57 19 100
100 19 99
101 3 50
55 43 98
127 7 42
91 0 126
109 26 89
80 26 100
38 15 43
63 19 59
42 17 56
104 13 70
75 5 113
15 27 19
15 43 107
106 26 49
27 13 12
10 2 28
87 43 108
100 5 50
82 40 73
114 20 57
115 28 29
95 27 116
75 7 87
113 27 63
103 27 5
29 20 77
57 36 46
46 45 88
51 14 96
31 13 7
124 28 90
81 15 92
89 30 19
65 28 36
13 41 74
63 30 28
29 27 89
110 15 43
101 20 81
76 15 92
99 19 116
102 20 50
127 5 21
104 20 49
23 14 54
87 27 63
131 13 25
100 41 122
109 0 102
23 29 48
107 15 92
79 5 73
73 30 27
95 27 19
100 27 56
20 27 57
50 30 59
84 26 89
55 2 83
93 43 107
86 28 28
103 26 57
30 13 82
44 10 87
134 2 65
50 36 19
95 42 49
131 13 16
63 27 59
116 30 89
55 27 63
109 23 7
49 27 12
34 43 64
19 40 89
75 26 77
105 13 95
5 18 87
110 19 87
91 0 82
70 43 64
82 20 57
12 45 88
65 29 82
40 33 80
95 6 73
8 13 53
82 2 13
111 41 9
71 28 28
36 13 58
67 15 92
21 30 116
23 29 54
6 15 43
132 1 86
34 2 5
91 15 92
28 19 52
34 2 28
30 27 87
21 30 115
102 20 19
104 13 34
78 27 77
126 27 87
94 28 87
133 43 112
15 27 87
82 2 87
118 13 12
59 30 19
82 27 89
17 13 4
73 27 4
121 15 43
51 29 54
11 43 47
99 36 44
51 11 120
71 33 59
34 27 87
16 45 88
55 40 28
106 16 55
98 20 52
106 16 104
81 19 50
13 28 19
38 43 56
99 43 108
63 30 131
83 15 92
63 27 28
85 31 87
63 27 122
54 20 57
15 43 64
21 18 28
134 40 89
96 43 107
5 19 100
57 15 92
61 17 128
113 27 36
46 29 54
42 17 122
111 28 19
95 27 113
34 3 57
124 43 93
84 26 19
23 29 66
75 25 81
17 43 118
57 19 50
127 26 50
73 36 39
95 27 89
95 20 89
60 13 29
132 24 13
73 5 21
21 27 17
28 36 44
69 26 49
106 27 113
13 28 73
127 26 49
73 29 132
59 19 28
77 19 81
128 14 54
99 27 17
89 27 19
117 41 56
24 28 81
106 0 35
78 40 50
28 27 87
54 20 50
127 5 59
73 30 38
77 36 23
111 32 24
94 43 107
19 5 99
50 30 5
21 30 113
131 43 56
77 27 36
5 19 113
89 19 21
11 27 77
87 19 110
50 27 59
60 13 34
109 23 60
31 27 57
106 23 7
20 27 21
89 18 50
106 16 95
21 30 9
60 15 43
55 40 87
122 15 43
81 36 23
53 27 5
20 40 63
65 28 113
20 40 57
95 43 37
31 20 77
40 43 93
127 5 99
3 19 110
39 11 130
63 19 87
53 13 55
127 7 87
15 20 52
34 2 83
125 19 113
87 19 52
105 43 47
81 5 87
32 10 119
19 30 28
59 30 50
10 25 73
103 15 92
73 19 3
8 13 20
37 27 19
91 0 134
89 9 73
72 29 68
49 19 110
8 27 57
117 41 118
11 20 89
21 27 28
26 7 120
39 45 120
37 20 19
9 45 88
113 30 99
56 43 107
32 15 92
86 41 56
109 27 63
75 31 102
10 27 28
21 19 87
50 27 19
81 41 12
109 16 113
55 20 57
40 33 90
78 27 21
87 30 89
12 43 56
49 43 117
79 7 42
78 40 5
113 30 116
7 27 73
82 20 89
62 15 43
131 13 58
86 28 77
132 15 92
78 40 19
0 43 107
29 2 59
57 19 77
41 28 103
84 43 108
105 13 64
21 30 36
50 30 12
59 29 20
9 15 43
124 33 84
5 27 74
95 27 87
28 30 63
77 30 1
89 27 21
115 13 118
5 27 42
113 29 132
1 43 18
104 13 8
50 18 89
109 0 29
95 13 82
89 5 113
49 27 16
70 2 13
53 40 28
73 19 5
55 40 63
9 43 56
134 27 28
15 13 60
21 30 50
105 27 113
5 27 38
22 26 100
28 30 56
105 27 21
60 13 7
81 41 131
49 27 9
50 19 100
99 27 87
99 27 27
13 28 99
79 5 52
10 13 35
10 27 57
89 30 12
113 29 70
10 27 113
124 33 80
113 27 9
57 27 59
19 27 9
73 27 1
10 27 73
94 43 0
89 36 22
116 19 45
53 22 96
59 27 76
4 13 122
42 17 58
75 19 109
57 19 87
77 30 99
109 15 43
120 26 43
53 40 49
77 30 36
28 27 74
77 27 4
81 36 46
82 27 87
83 43 117
38 13 27
123 0 10
129 15 43
99 30 38
63 19 28
65 27 21
106 23 47
8 20 89
110 19 3
32 28 113
97 27 50
99 27 38
77 9 100
126 13 30
58 43 118
105 27 73
125 26 61
49 27 87
80 26 50
19 27 21
50 27 113
111 41 36
10 20 52
67 20 73
50 30 73
128 14 67
109 27 21
79 5 77
24 10 83
134 40 49
34 40 100
49 43 18
79 9 127
73 30 99
95 27 99
59 19 45
34 13 29
81 27 118
101 20 52
86 24 65
62 43 2
73 29 53
51 14 68
89 30 87
59 29 10
97 20 19
81 27 122
50 43 63
10 43 98
7 13 70
19 27 99
73 19 21
20 2 28
75 31 37
13 15 43
31 20 89
73 29 20
30 20 77
59 27 21
89 40 100
112 15 92
131 13 38
55 27 116
112 19 113
97 20 73
53 40 77
100 19 28
8 27 5
28 27 17
65 28 57
87 27 113
134 40 81
74 13 4
46 29 68
10 20 57
100 9 81
84 43 80
54 15 43
86 29 104
10 25 19
75 31 134
22 15 43
25 13 17
19 27 36
62 17 71
111 29 7
123 0 73
57 26 50
31 27 5
5 30 9
116 30 99
86 28 19
8 27 89
73 36 51
87 27 131
100 5 113
97 27 21
109 0 42
106 0 116
28 30 99
32 43 117
134 43 64
70 2 111
134 2 13
100 19 87
35 27 57
75 9 127
34 13 82
106 0 89
102 27 50
19 40 52
64 27 77
80 34 92
31 20 49
67 43 107
100 19 57
86 43 107
53 27 99
16 43 107
113 29 29
65 41 12
53 40 59
47 20 100
105 27 19
98 22 96
47 20 73
89 5 5
97 15 43
115 13 36
89 27 28
87 30 59
79 7 19
104 13 29
11 13 53
113 19 19
70 2 99
70 13 53
32 28 38
75 31 10
81 5 73
42 31 87
7 20 49
119 19 113
68 43 107
100 27 38
59 9 99
20 40 49
99 30 58
5 15 92
91 0 20
109 16 35
39 15 43
54 20 73
19 26 89
75 7 89
64 20 89
6 26 19
57 36 19
51 42 39
54 20 77
79 6 57
104 20 89
71 41 58
42 17 36
87 18 99
10 15 92
109 16 60
101 43 67
81 41 17
57 36 23
54 20 19
40 28 84
59 30 99
72 33 91
126 20 89
111 41 25
10 40 73
52 40 57
12 15 43
70 40 19
42 17 25
113 27 59
38 20 50
52 36 22
63 30 113
19 19 81
64 43 107
49 19 116
59 27 1
95 43 98
81 27 25
53 43 64
76 17 131
21 27 99
3 19 63
110 19 57
128 14 48
42 17 4
13 28 87
79 7 89
42 17 38
99 29 70
5 19 28
79 7 5
22 29 68
37 13 53
71 28 89
76 17 1
57 27 89
30 15 43
28 27 36
63 30 116
49 5 63
55 43 18
126 27 89
73 15 43
5 19 73
59 19 87
57 27 4
105 15 92
34 15 43
109 27 89
6 26 89
106 0 87
78 42 19
95 20 57
73 43 108
30 20 52
77 43 63
57 27 19
73 19 77
102 20 49
53 40 100
12 13 122
47 13 15
81 19 99
28 30 5
89 9 81
47 20 50
39 11 120
65 28 81
36 13 25
28 9 59
75 15 92
89 43 73
19 27 58
75 31 30
47 13 64
81 19 78
78 14 114
71 28 99
9 13 17
106 23 11
26 7 130
63 19 99
86 10 119
34 42 89
83 28 5
73 30 25
88 27 113
87 30 16
16 43 56
116 19 59
109 26 77
19 19 109
20 15 92
28 19 73
83 43 107
31 15 43
33 15 92
101 15 43
127 26 73
59 15 43
59 30 25
49 19 63
12 15 92
52 19 59
79 7 99
50 27 4
51 29 101
63 19 81
26 7 90
89 18 73
15 27 21
30 27 21
76 12 42
97 27 77
47 13 35
128 11 125
63 30 56
15 13 95
21 30 17
6 26 81
102 27 99
89 30 74
75 25 73
27 28 134
132 22 96
104 13 20
83 29 31
5 19 21
51 29 66
89 19 28
37 13 55
62 19 113
63 27 116
49 27 38
73 27 77
51 14 101
113 27 87
5 30 115
63 30 59
91 34 78
57 19 21
37 27 77
97 20 81
89 19 77
57 12 50
75 5 89
106 23 37
73 43 116
73 30 113
133 15 92
49 19 28
57 18 19
83 41 36
73 36 23
71 43 83
79 26 100
75 7 19
125 5 113
87 18 59
19 30 17
89 26 57
78 14 97
75 7 76
19 43 108
4 45 120
95 40 49
100 40 49
37 27 59
125 26 22
28 19 100
52 2 99
82 20 19
16 15 92
73 19 45
78 15 92
109 0 7
134 43 107
109 0 59
89 30 9
59 19 110
13 28 63
57 18 73
28 30 73
28 18 59
82 43 64
125 26 51
69 26 73
77 29 70
99 19 45
77 19 57
86 41 1
99 30 74
37 13 29
51 11 123
26 15 92
128 11 78
63 30 25
55 2 32
105 27 77
106 14 95
81 27 12
64 27 73
121 43 2
99 15 43
49 19 77
67 43 18
7 13 8
97 27 57
75 31 53
71 28 63
85 31 62
90 26 89
53 2 13
55 40 77
10 26 1
95 13 20
52 19 21
55 20 49
104 43 18
19 29 82
34 13 53
29 40 19
15 13 70
77 30 17
101 43 107
32 28 100
7 27 116
73 40 49
117 28 1
89 29 86
81 36 128
113 19 52
28 27 12
77 26 76
26 7 106
10 40 5
57 27 77
51 14 66
89 19 19
28 15 92
38 13 4
85 31 59
1 13 9
73 27 25
22 43 93
109 0 134
24 28 49
25 45 125
123 0 116
7 20 57
79 5 89
71 8 132
40 29 48
28 29 53
69 26 19
42 31 21
51 13 46
78 14 95
13 41 115
109 6 81
66 15 92
130 34 78
89 19 49
64 27 19
77 19 78
130 43 108
21 15 92
73 27 59
24 8 86
4 43 118
111 29 102
73 43 63
55 40 21
134 40 113
109 0 60
57 19 120
121 43 93
24 28 59
94 10 83
81 19 59
73 9 100
54 42 73
29 40 73
109 0 19
63 30 12
105 20 100
8 13 29
109 16 116
39 13 23
73 5 50
109 0 104
102 27 5
113 19 116
128 11 120
34 2 111
90 26 52
89 36 23
113 19 100
57 36 128
116 27 21
45 19 5
100 41 36
86 41 12
100 27 99
65 41 1
54 3 57
10 2 65
57 27 17
71 28 59
19 9 81
37 13 20
15 13 53
49 41 27
89 19 106
120 27 113
50 15 92
106 16 7
33 43 107
73 19 120
64 22 96
77 19 52
63 27 89
111 41 27
57 30 74
115 13 27
7 20 73
60 13 82
83 41 9
109 23 105
34 27 73
89 5 19
19 15 92
81 41 1
83 41 115
102 27 28
57 27 5
20 27 63
13 41 118
29 2 21
106 16 31
11 27 63
10 40 49
52 19 73
80 43 108
82 2 65
91 0 28
82 27 73
103 26 50
21 27 9
85 10 78
31 20 73
73 19 99
72 15 43
49 43 107
41 28 90
25 13 4
21 19 49
37 27 99
38 13 122
36 28 53
48 15 43
21 27 25
75 31 28
11 43 18
10 22 96
75 7 77
28 27 5
88 26 76
109 16 28
82 40 87
73 27 57
77 27 118
109 6 57
49 27 59
24 28 65
99 27 56
24 28 78
109 26 19
113 43 108
102 13 35
116 30 113
56 15 43
37 13 70
77 30 118
39 11 84
97 20 52
29 20 89
13 41 12
123 0 19
82 40 113
51 21 92
5 19 77
76 19 116
42 31 113
74 45 120
111 28 94
46 11 106
124 29 66
99 29 29
89 30 5
77 9 50
67 20 81
111 29 29
132 37 31
60 20 89
87 30 50
65 29 134
99 15 92
46 15 43
134 27 113
114 20 77
57 18 50
111 29 20
5 30 1
100 19 113
89 27 113
21 18 59
105 13 35
95 27 59
101 42 79
116 30 5
131 28 82
78 42 81
45 19 100
115 13 12
71 41 16
100 41 16
65 8 132
91 0 10
19 40 57
57 19 28
5 19 19
55 27 21
50 30 25
128 11 80
84 26 52
37 27 89
132 20 89
83 29 132
81 5 50
73 27 122
20 27 28
19 9 57
27 20 77
127 26 89
118 43 107
57 30 115
77 27 58
127 7 19
70 40 113
20 40 73
30 27 50
87 27 16
134 40 100
52 19 99
123 26 50
19 12 50
111 28 52
5 30 16
91 0 47
121 43 112
71 28 77
48 27 41
103 27 87
127 5 81
82 2 59
31 13 102
35 20 73
91 0 44
49 27 5
77 36 51
120 5 89
74 13 58
49 41 56
57 30 118
34 27 89
63 27 58
74 43 9
104 20 19
77 19 125
117 41 58
75 31 113
19 30 1
22 45 120
28 19 63
34 2 65
20 15 43
98 20 81
87 30 28
99 19 100
100 41 131
89 30 116
77 27 73
89 19 116
19 9 100
49 15 43
87 19 100
91 27 113
57 27 122
87 19 19
50 27 56
39 45 125
10 2 86
34 13 35
117 41 122
29 2 87
57 30 122
46 45 125
59 30 58
113 30 77
8 15 43
38 43 18
24 28 100
71 43 117
50 26 76
53 2 5
82 2 83
38 28 29
46 13 39
116 30 87
38 13 9
55 27 89
132 20 57
73 5 5
125 26 89
57 30 5
39 14 66
19 27 1
11 43 64
36 13 74
24 28 19
31 20 81
106 0 31
75 43 127
22 29 96
52 26 76
3 19 57
117 41 9
50 27 38
57 30 63
103 27 19
31 43 98
71 29 30
17 15 92
71 41 1
126 27 21
51 21 43
104 13 11
73 40 81
88 15 92
54 20 89
114 15 43
20 2 113
1 13 4
100 15 43
95 3 73
65 29 70
122 43 56
128 15 92
11 27 57
89 27 99
32 28 21
131 13 9
49 27 28
86 28 81
66 43 107
79 7 77
72 28 84
70 20 73
127 5 49
7 20 77
90 43 108
74 43 18
50 29 29
19 27 89
21 27 5
36 20 77
84 26 77
7 43 18
20 43 18
126 15 92
72 28 80
70 20 49
71 29 53
70 15 92
79 43 127
109 16 102
50 12 57
77 27 115
78 27 89
97 27 87
29 40 28
1 15 43
113 19 125
50 29 82
111 15 43
113 30 89
1 28 29
89 9 100
100 27 59
5 27 9
73 30 1
87 30 21
59 27 57
37 27 116
5 27 116
77 29 10
50 30 58
34 2 86
7 43 107
113 19 21
134 40 5
77 27 74
31 13 53
5 30 38
36 20 89
46 11 130
109 0 20
59 19 49
134 22 96
81 27 21
106 0 7
19 18 50
113 27 73
19 18 77
124 28 91
39 43 93
73 40 89
5 30 74
89 19 125
123 0 37
30 13 29
106 27 87
11 13 55
49 27 99
19 19 57
73 30 56
98 20 100
45 19 50
100 27 58
65 29 102
50 5 113
10 43 18
71 41 118
12 13 56
53 27 19
123 0 20
125 26 50
87 30 122
59 19 99
3 19 19
5 30 27
78 26 100
83 29 70
77 30 9
56 15 92
102 13 134
77 9 49
22 26 57
41 33 78
50 5 19
116 27 73
19 5 28
88 26 128
127 26 77
45 19 77
42 19 5
73 30 28
113 27 28
35 43 18
65 28 89
87 29 132
29 40 89
75 25 99
105 27 63
64 43 18
5 18 28
118 45 120
77 36 46
50 27 17
127 7 113
49 40 100
59 30 77
65 29 126
116 27 50
29 15 92
76 17 16
16 13 4
63 19 52
8 27 73
95 42 77
113 27 5
87 30 25
1 20 50
73 5 113
90 26 81
113 19 59
75 5 81
96 15 92
10 27 99
30 20 57
111 29 82
59 18 21
59 19 113
99 19 113
19 36 46
95 42 81
57 29 10
19 36 128
113 30 16
59 30 56
89 19 59
124 33 91
55 43 64
70 2 87
39 29 96
99 30 4
84 26 57
77 19 73
10 27 21
48 27 23
106 26 89
28 27 25
21 15 43
100 41 17
30 13 11
128 14 101
59 30 9
75 5 100
11 27 5
117 41 27
124 33 109
76 17 25
82 40 59
19 30 16
92 43 107
28 19 89
50 27 9
123 0 132
134 40 63
49 19 81
21 27 27
59 43 63
82 20 52
17 43 107
5 19 110
109 23 126
46 14 67
101 43 18
81 41 4
97 27 59
84 26 81
104 43 64
19 30 77
84 26 50
30 20 81
34 42 81
109 0 44
41 28 109
10 2 87
87 30 57
119 10 83
11 13 34
91 0 73
55 2 111
28 27 59
89 5 52
113 36 44
1 13 12
113 27 56
34 40 99
75 31 20
99 19 63
87 18 28
63 19 21
39 11 109
50 40 81
31 20 57
59 15 92
42 19 28
37 27 87
50 5 28
67 20 50
118 13 17
10 20 81
70 27 73
73 43 45
113 30 21
109 0 70
29 20 81
57 30 73
52 40 81
19 30 57
77 29 134
109 23 64
21 43 108
81 19 57
123 0 50
7 13 134
87 27 27
89 30 57
29 20 19
87 18 5
104 27 57
34 13 70
38 43 107
99 18 5
25 15 43
95 6 19
87 30 73
27 13 118
125 26 128
55 13 64
85 31 5
106 14 96
22 13 46
46 14 114
42 17 115
54 43 18
51 45 88
123 0 31
65 29 20
132 20 52
31 27 63
83 28 28
5 27 57
55 27 28
60 13 134
39 29 68
87 19 50
57 30 1
23 15 92
97 27 89
89 30 28
87 30 77
46 29 66
89 29 53
5 19 81
113 30 59
57 9 50
60 27 77
106 26 50
123 0 60
29 27 5
43 43 92
19 27 74
10 2 5
29 40 52
47 20 19
100 19 49
81 19 110
71 29 15
81 43 18
51 43 93
109 27 50
59 30 89
20 20 77
73 5 87
51 11 88
11 27 89
132 43 18
97 27 28
19 5 50
42 5 87
113 30 122
30 43 107
73 19 125
63 19 77
77 5 57
13 41 58
23 11 109
84 26 49
116 30 57
28 27 122
31 13 30
19 19 103
104 27 5
35 43 98
71 27 99
39 14 67
96 20 73
87 18 21
53 2 83
38 20 73
104 22 96
53 27 116
71 41 32
103 26 19
32 28 28
19 27 56
100 5 57
106 27 5
102 27 21
21 27 118
97 22 96
23 29 101
75 31 132
58 43 9
34 27 59
114 15 92
47 13 7
86 41 122
84 34 43
52 36 23
80 26 73
127 7 63
8 27 19
54 3 52
10 20 73
50 30 57
63 29 10
82 40 77
76 17 27
113 30 74
100 27 27
28 19 77
95 2 32
41 33 80
110 19 63
6 26 77
59 27 99
65 28 77
21 29 134
59 36 44
36 28 10
116 27 113
22 29 66
113 30 19
22 14 67
53 2 21
34 20 89
131 13 1
24 28 89
71 28 100
57 30 16
106 14 67
24 28 73
35 15 43
79 5 87
39 14 48
102 20 57
41 33 90
53 40 113
11 27 59
82 13 55
73 5 59
41 29 68
5 27 113
59 30 38
20 2 21
113 27 131
88 26 46
87 19 63
87 27 5
70 2 32
75 15 43
45 43 108
14 15 92
39 43 107
99 27 115
20 13 10
50 36 52
22 14 96
127 5 113
75 5 52
29 13 53
109 16 87
113 15 43
15 43 18
100 27 9
132 37 104
103 34 43
89 27 38
118 13 9
109 0 47
89 27 16
11 13 10
60 13 53
109 6 52
11 20 19
113 30 56
19 36 51
99 43 116
5 19 89
94 10 119
90 15 43
67 20 100
50 9 73
81 28 36
19 18 73
126 13 95
53 15 43
35 27 77
3 19 5
83 28 99
70 13 10
34 20 52
31 43 18
28 30 116
91 0 99
106 0 82
104 13 10
128 11 106
109 26 100
106 16 20
73 26 42
83 29 20
109 23 53
102 13 60
41 28 84
10 27 87
39 11 78
15 20 89
126 13 55
57 5 19
1 43 107
134 2 113
19 30 118
96 15 43
28 18 99
100 27 74
75 7 73
28 30 1
34 20 57
60 13 10
29 27 87
81 5 57
106 43 80
65 27 5
53 40 5
53 27 50
13 28 59
115 28 20
134 2 87
71 41 56
65 41 118
5 43 45
57 5 28
89 43 108
124 33 90
64 27 50
50 19 116
103 26 100
134 20 52
23 11 78
86 28 5
65 29 29
86 24 132
8 20 52
27 20 19
19 27 122
64 20 57
19 5 5
113 9 21
28 19 57
24 43 93
77 30 63
101 42 77
5 30 99
81 40 49
126 27 99
19 5 89
86 29 70
12 13 58
106 23 10
75 31 104
89 27 115
34 6 57
82 2 21
55 2 99
87 30 9
57 5 21
88 26 23
111 28 106
39 29 67
13 43 107
77 40 49
50 30 113
132 20 81
22 26 77
21 30 4
49 26 42
73 19 28
57 19 52
113 19 88
109 16 47
57 5 59
101 3 77
99 19 50
81 27 99
71 28 73
21 30 38
2 43 107
73 30 4
38 20 57
19 30 131
126 15 43
32 28 49
10 25 50
78 42 57
106 0 63
109 0 87
9 15 92
70 40 28
86 24 32
71 29 10
47 13 82
89 5 77
26 7 109
47 43 64
50 30 38
50 12 89
35 20 19
7 27 21
73 30 57
86 41 38
51 6 73
83 41 38
57 30 58
128 11 103
127 43 107
20 20 73
102 15 92
87 27 77
100 5 28
79 6 77
35 43 64
100 43 117
32 41 122
34 40 77
28 27 113
37 43 64
51 6 19
77 5 87
134 27 63
51 45 120
15 20 81
10 13 64
57 43 45
3 15 92
80 15 43
73 12 77
50 27 115
132 20 77
77 19 28
59 19 57
134 2 28
36 15 43
55 2 87
75 25 19
77 36 22
19 19 28
50 19 125
37 20 73
111 41 1
13 8 132
81 41 122
77 5 73
120 26 76
94 28 59
111 28 24
34 20 100
12 13 9
103 27 28
70 43 18
63 27 73
47 20 81
86 29 10
22 14 54
19 40 50
9 45 120
95 40 89
11 20 73
29 27 73
59 27 42
83 29 10
60 27 116
50 27 87
36 13 4
63 19 116
55 27 5
132 20 100
28 19 45
24 8 132
31 13 37
10 2 21
111 41 122
87 27 74
11 15 43
89 19 88
52 2 83
81 40 100
20 27 50
50 27 5
39 11 103
127 7 28
81 19 63
21 29 132
47 13 105
28 30 9
65 28 21
21 19 89
29 26 1
106 0 11
109 16 7
102 13 82
79 6 73
91 0 55
106 23 8
20 22 96
82 20 50
50 9 52
50 19 45
111 29 10
79 5 57
113 30 17
113 9 59
11 27 116
63 30 122
72 33 106
96 43 18
49 5 57
9 13 16
99 29 65
61 43 107
42 43 76
70 22 96
48 27 72
57 40 52
10 15 43
71 28 38
52 15 43
111 29 31
131 15 43
48 27 46
19 30 74
11 13 70
71 41 12
89 18 57
52 40 73
116 19 63
8 27 50
73 19 52
28 27 56
77 36 39
20 40 100
128 29 101
47 27 28
99 43 63
51 14 114
78 40 57
60 27 87
63 30 36
78 14 101
73 29 70
20 43 107
34 13 55
30 27 28
81 27 56
57 27 99
39 45 88
82 40 5
78 43 80
116 19 87
106 0 50
106 0 57
119 15 43
59 18 99
23 11 6
78 26 81
70 40 89
49 5 50
7 27 99
132 43 98
126 27 77
103 43 108
55 20 89
87 29 128
81 27 16
81 41 16
32 28 1
86 28 49
46 11 88
119 43 93
123 0 126
24 28 77
19 30 9
28 18 5
78 27 57
3 19 49
59 30 1
110 19 59
23 11 80
75 26 73
57 19 73
3 19 28
79 26 19
123 0 85
50 30 118
49 41 9
19 29 53
59 30 116
113 29 53
126 22 96
89 19 52
87 30 36
91 0 29
110 19 77
21 19 28
28 30 25
25 43 18
20 27 99
32 28 87
42 19 57
87 29 134
95 20 49
100 41 115
100 5 87
63 27 17
42 19 89
95 40 28
11 20 50
76 19 113
87 19 116
50 27 118
70 13 35
87 19 81
75 25 21
101 15 92
73 12 19
111 28 27
16 45 120
57 26 42
75 31 35
106 23 34
24 28 87
78 27 87
21 29 82
35 27 87
28 15 43
102 20 81
113 43 116
41 28 80
77 29 29
77 40 19
106 27 59
38 13 17
73 27 19
113 19 73
34 2 99
60 27 57
50 19 52
28 30 58
86 28 52
91 15 43
60 27 59
115 28 53
46 11 80
40 43 124
50 15 43
72 33 78
82 2 71
70 40 5
38 13 56
120 43 129
70 2 65
19 15 43
52 2 13
32 8 132
44 15 43
8 13 35
72 33 123
111 35 86
91 0 31
59 27 5
59 27 50
127 7 57
7 13 55
77 30 5
5 30 12
40 15 92
86 29 15
19 30 36
21 27 19
106 23 60
106 27 28
52 19 19
34 40 19
79 7 113
55 20 77
82 40 19
55 43 107
109 6 73
95 40 21
91 34 43
78 40 59
77 19 106
109 43 80
95 2 5
29 43 18
111 41 4
29 15 43
99 27 28
89 27 1
114 43 67
50 19 81
132 37 126
87 30 5
36 20 50
82 20 73
57 26 76
29 13 10
82 2 5
134 40 73
99 19 52
59 27 25
49 19 87
5 43 108
63 30 57
7 13 10
51 15 43
49 19 89
53 20 100
95 40 113
64 20 100
85 31 2
42 19 52
91 26 19
76 17 9
53 2 86
118 13 74
72 29 48
21 19 52
123 26 52
34 40 63
70 15 43
95 40 87
11 27 87
70 2 21
49 41 12
57 30 113
106 16 64
29 43 37
7 27 63
86 29 102
29 13 35
116 19 113
10 2 71
95 2 86
17 13 122
94 15 43
19 36 22
70 27 89
20 27 87
57 27 16
75 7 5
28 30 16
14 43 0
77 12 89
100 27 28
86 41 74
21 30 89
38 20 77
81 36 39
109 16 126
89 40 50
19 4 50
69 26 50
111 32 86
55 2 59
45 19 21
79 5 19
42 17 74
63 19 110
49 28 36
30 20 50
26 7 123
72 33 103
15 27 77
99 19 73
54 43 101
87 15 43
49 5 89
8 27 87
70 20 50
30 43 47
131 28 70
19 27 38
75 31 99
50 30 21
125 27 120
105 13 134
101 3 19
46 11 129
70 13 55
73 19 116
86 28 73
73 30 63
49 28 77
48 27 51
77 26 73
81 19 100
8 43 107
19 43 116
76 31 5
76 19 63
105 13 10
94 28 100
106 27 63
46 43 107
82 43 107
102 27 89
19 26 50
99 30 19
52 2 111
36 28 82
73 5 52
28 27 76
35 27 89
100 5 59
119 43 0
63 29 134
81 27 36
50 30 89
102 43 18
95 27 21
133 43 93
21 19 81
5 30 50
7 13 105
85 15 92
109 26 52
91 26 89
70 27 77
75 31 11
95 2 99
21 27 42
109 16 30
134 2 99
50 27 12
49 5 19
69 26 57
24 43 107
116 19 99
63 15 92
79 6 52
1 28 134
63 29 82
123 26 77
48 15 92
20 13 64
50 19 77
123 0 105
76 19 89
27 28 10
111 8 132
126 20 52
57 5 52
86 41 115
109 16 89
115 13 17
75 25 63
109 16 73
47 20 77
13 28 113
11 27 19
87 27 89
101 20 57
57 30 116
95 13 34
105 27 99
123 0 102
1 13 17
100 28 89
35 27 63
126 43 47
81 5 89
111 43 107
38 13 118
131 28 53
128 43 107
106 16 126
116 27 89
11 27 50
102 13 20
78 42 50
91 0 64
57 27 1
87 30 113
83 41 4
8 20 100
30 27 57
19 19 99
71 41 38
92 43 93
49 19 125
81 28 50
7 27 59
70 40 49
91 0 63
28 27 118
89 30 50
40 28 123
74 15 43
52 19 113
99 30 113
101 42 19
45 19 59
81 5 99
109 23 35
99 27 36
55 40 99
71 28 19
24 28 106
91 34 92
103 43 129
26 43 93
21 30 28
99 30 118
87 9 99
65 27 28
58 43 56
71 29 104
73 27 58
21 30 118
50 5 77
13 41 17
9 13 25
57 29 132
24 28 50
5 27 77
30 43 98
95 40 19
109 27 59
123 0 70
109 16 10
63 30 89
100 27 21
110 19 5
79 5 59
77 40 73
15 27 50
81 28 73
5 30 59
99 27 25
10 40 59
125 26 73
105 27 57
75 31 15
34 27 19
73 30 9
77 19 120
12 13 25
81 27 27
65 41 131
109 16 70
86 41 9
42 31 28
10 2 83
63 30 99
80 26 52
34 42 19
76 43 107
113 27 58
91 26 73
38 13 74
125 26 77
53 43 18
132 37 15
120 15 92
17 43 18
45 19 28
63 27 25
113 27 19
65 27 113
47 27 89
77 27 50
106 16 134
112 43 107
89 29 20
44 43 0
91 43 123
5 27 118
22 14 68
47 13 104
99 30 115
57 30 28
49 19 113
1 20 77
53 40 63
96 20 57
72 15 92
100 41 38
100 19 73
67 20 49
78 27 50
91 0 113
73 27 36
1 13 38
126 43 18
87 30 27
77 5 113
99 19 21
99 19 57
81 26 42
36 13 122
123 0 82
111 28 87
59 29 29
63 27 50
83 43 18
93 15 43
5 18 59
54 42 77
90 26 100
20 20 49
60 20 52
30 27 73
83 29 82
109 0 55
19 19 73
99 30 87
76 19 45
44 19 113
71 29 82
22 26 89
60 27 28
44 43 93
104 20 50
81 27 58
53 2 71
19 19 50
8 13 55
30 13 104
99 29 10
82 27 116
106 23 126
19 19 59
10 27 77
34 42 73
77 26 42
75 7 63
106 0 113
99 27 58
71 27 59
76 5 21
20 27 116
106 0 5
116 19 28
21 30 87
77 30 74
89 40 57
94 28 106
111 28 73
51 11 80
5 30 116
57 29 134
89 9 57
53 27 87
115 28 70
29 40 63
32 28 57
127 15 43
86 28 24
71 15 43
99 18 28
49 19 73
111 28 1
126 20 49
60 20 73
106 0 76
123 0 28
101 42 57
24 8 111
104 20 52
55 27 50
73 27 131
32 28 52
58 15 43
19 19 125
89 30 99
76 17 122
28 30 115
75 31 60
118 13 122
30 20 100
109 0 31
88 43 120
106 0 99
53 40 50
32 29 20
77 40 52
120 27 88
105 43 18
115 43 131
75 5 63
81 41 115
116 30 19
2 15 92
94 28 5
49 5 59
5 27 131
100 36 46
46 11 103
27 43 18
105 43 98
134 15 92
57 5 77
29 20 52
1 13 118
65 41 16
29 27 57
30 27 116
87 19 77
50 27 36
123 0 77
88 43 108
51 11 129
36 28 134
45 15 92
60 43 126
77 19 5
115 13 74
124 33 78
13 44 86
8 13 82
100 19 109
116 19 49
49 19 5
100 28 57
44 10 5
53 20 19
77 30 58
45 19 3
109 0 82
19 40 81
32 29 104
55 40 73
49 41 25
106 16 15
29 27 50
70 40 73
74 13 25
13 28 5
109 0 37
50 5 87
86 28 89
5 30 25
118 43 18
94 28 113
52 36 128
126 13 105
21 19 59
15 43 126
87 30 99
73 19 109
111 28 78
98 43 107
110 19 99
54 42 57
28 30 38
46 14 54
28 30 4
101 3 89
75 7 50
97 20 89
65 41 74
110 19 81
15 13 10
50 19 89
134 26 1
77 19 3
81 43 117
100 41 9
51 13 23
88 19 113
52 43 108
19 26 76
55 27 87
87 27 58
63 30 17
57 27 63
71 29 134
45 19 63
37 13 82
133 15 43
116 27 87
96 20 19
124 29 48
75 25 87
100 36 23
104 20 81
28 19 110
5 36 44
27 20 89
59 27 77
128 14 66
61 15 92
97 43 18
87 27 17
89 5 57
8 20 73
14 19 113
79 5 21
120 26 39
29 2 113
113 12 87
8 27 28
113 43 45
106 6 50
104 13 55
23 11 106
88 27 120
81 27 38
116 19 110
30 27 89
91 43 80
94 35 111
57 30 9
21 27 12
32 29 29
134 27 99
100 36 39
106 0 134
78 14 34
106 0 77
8 20 19
122 43 107
34 6 73
91 0 21
79 7 57
28 27 16
95 2 13
91 26 57
95 20 19
54 42 50
19 26 73
57 19 59
95 13 70
100 5 21
99 29 53
35 27 19
57 27 28
75 31 34
11 27 99
59 27 27
52 19 87
35 27 59
87 19 99
19 30 113
123 0 29
106 0 85
36 15 92
73 9 49
100 43 18
26 7 78
85 43 0
81 27 28
83 28 81
10 20 89
99 27 122
28 30 12
41 28 106
117 41 16
87 10 44
29 43 64
19 30 12
102 27 63
36 43 56
28 27 27
110 19 116
19 36 23
77 19 103
81 19 19
15 13 7
77 27 131
40 43 107
101 42 100
70 27 87
57 30 36
123 0 134
50 40 73
73 27 17
50 27 1
59 27 36
79 7 73
100 27 12
57 19 19
44 43 107
71 29 126
71 43 18
86 28 100
22 11 106
28 19 49
42 19 77
79 5 81
90 43 129
95 2 65
59 43 21
20 43 37
17 15 43
126 13 60
21 19 99
5 27 50
39 14 54
11 43 107
87 30 116
19 30 56
63 27 118
72 28 106
5 43 63
89 29 132
89 40 77
109 0 15
120 43 108
82 40 100
103 27 50
36 28 70
126 27 73
65 43 117
23 11 103
109 23 10
57 19 78
120 26 61
91 0 35
77 43 116
49 26 76
27 20 50
79 26 77
126 13 29
104 20 100
77 27 113
32 43 18
95 40 57
30 27 19
77 30 56
35 27 73
5 27 63
13 28 27
22 11 103
65 29 60
134 40 50
30 20 19
106 27 39
19 30 122
89 40 49
63 29 20
89 19 99
109 26 57
17 45 125
106 34 92
70 27 19
49 41 16
82 2 99
63 29 132
21 30 25
35 43 37
11 15 92
32 28 99
11 27 113
100 27 25
102 43 126
57 19 109
37 20 100
20 13 55
102 43 98
89 9 77
31 27 99
53 40 52
86 41 25
81 27 1
76 31 99
87 27 99
134 2 59
99 27 73
103 27 99
25 43 107
71 41 115
3 15 43
102 27 19
109 27 19
111 28 100
99 19 77
79 6 100
31 43 64
32 41 74
75 31 31
21 43 45
10 27 59
21 27 115
71 27 28
61 17 23
19 43 63
77 27 12
58 15 92
71 33 99
73 29 134
77 27 59
95 15 92
30 13 34
47 27 21
57 30 56
53 43 37
132 20 73
95 13 29
54 43 67
86 41 36
1 13 58
50 18 73
29 43 98
63 29 29
115 15 92
19 26 42
128 11 109
118 13 25
26 7 88
76 19 77
123 14 114
87 29 10
50 27 89
75 19 106
125 26 46
75 31 7
58 45 88
90 26 77
113 43 63
60 20 19
57 27 25
49 28 89
57 29 29
134 43 98
99 18 59
31 27 73
113 30 63
30 13 64
26 7 91
113 30 58
40 33 78
22 26 73
109 27 77
76 17 74
113 27 116
99 43 45
48 27 40
21 30 73
69 19 113
121 43 107
51 29 67
52 19 77
59 30 4
77 27 89
84 15 43
120 26 92
73 19 113
51 6 57
50 5 52
5 36 87
104 27 63
69 15 92
105 13 8
7 27 87
109 27 28
123 15 43
47 13 31
13 43 117
106 0 21
117 41 25
63 30 5
100 19 63
46 13 128
35 43 107
24 43 2
89 27 87
126 13 15
86 29 60
19 27 131
82 40 57
36 20 57
53 27 77
103 27 63
15 20 100
109 16 82
100 27 4
45 19 99
23 11 90
73 27 16
22 11 129
65 41 58
70 2 83
123 0 42
97 20 100
21 30 58
32 43 83
16 43 18
28 30 77
11 22 96
46 11 84
54 42 81
134 13 55
29 40 77
26 7 84
81 19 116
11 13 95
106 6 73
124 15 43
77 19 50
89 5 87
21 27 16
123 34 92
49 19 100
95 13 53
38 13 25
66 15 43
50 27 57
5 29 10
116 30 73
73 29 82
22 26 49
30 20 49
109 16 64
59 30 131
21 30 27
95 40 99
104 13 37
77 18 73
28 30 19
91 26 50
40 29 66
95 2 113
70 40 59
22 11 78
65 41 17
121 15 92
134 13 10
87 27 1
75 5 57
15 27 99
82 40 52
87 27 36
34 40 52
79 5 49
128 43 93
76 19 73
89 19 109
134 43 18
77 19 45
59 29 132
21 27 73
79 26 89
89 12 50
28 29 20
76 17 115
99 30 1
28 30 122
21 19 73
100 19 5
115 13 122
88 26 42
76 19 5
100 28 50
20 20 100
95 27 28
100 36 51
106 0 42
83 29 30
106 0 60
127 15 92
54 8 96
101 20 50
41 15 92
109 26 49
19 30 38
117 41 1
29 22 96
11 20 52
116 30 77
82 20 81
60 13 105
83 28 113
81 36 22
51 11 84
31 27 87
50 36 57
126 27 59
65 28 1
57 30 17
30 13 8
109 6 100
32 29 31
45 19 116
55 2 21
50 30 99
47 43 107
61 15 43
104 43 47
10 25 77
63 27 74
52 19 49
55 40 49
89 19 50
63 27 36
54 15 92
5 27 122
21 27 89
87 27 76
8 43 18
78 40 87
41 33 106
91 0 102
109 27 73
109 0 63
57 26 73
15 13 55
83 28 57
89 43 19
113 27 1
29 20 50
75 26 49
34 2 13
59 30 73
55 27 113
64 43 98
127 7 77
5 30 73
78 42 49
81 36 51
123 26 100
34 40 59
63 19 113
6 26 100
7 27 5
132 37 102
115 13 56
7 43 64
99 27 12
64 20 73
79 43 93
52 36 46
50 9 100
15 20 73
87 9 5
27 13 25
29 40 100
37 13 35
7 13 35
120 26 42
87 27 57
34 3 77
81 19 3
109 26 50
28 29 10
95 42 73
49 27 115
73 18 50
82 20 100
13 41 38
81 28 57
21 19 110
51 11 125
89 30 4
41 33 84
123 26 19
105 20 19
21 30 122
42 31 99
95 6 57
71 41 27
98 15 43
75 25 28
113 9 28
19 30 59
89 12 57
83 29 126
15 15 92
59 30 113
69 26 89
27 20 57
59 27 63
50 27 16
120 26 51
70 27 28
8 43 37
31 22 96
111 24 86
81 19 21
87 19 28
77 19 100
126 27 19
35 27 113
81 41 36
94 19 113
45 19 52
103 26 77
123 26 49
75 25 89
127 5 73
98 20 49
28 30 50
34 20 50
34 27 50
79 26 52
5 18 99
35 15 92
91 0 19
32 41 58
15 27 28
19 9 77
127 7 89
31 20 50
134 27 5
81 28 19
81 27 74
28 27 77
53 15 92
99 30 56
31 27 116
32 29 126
75 5 99
95 20 81
99 27 76
111 41 56
62 43 0
44 15 92
21 29 10
34 40 87
36 13 1
60 13 55
100 28 73
53 13 64
72 43 93
58 13 4
6 43 108
36 28 20
69 43 107
100 27 115
48 27 22
22 26 19
78 42 52
95 13 64
2 43 0
73 5 28
132 20 19
111 41 38
86 41 4
30 43 18
97 43 98
101 20 49
59 29 70
107 15 43
115 13 16
116 19 89
77 30 12
99 43 21
57 27 131
57 30 131
30 13 10
95 27 5
65 29 7
116 19 21
106 14 114
86 29 7
5 27 89
105 13 20
106 0 126
20 43 98
91 0 11
73 19 57
50 29 134
120 15 43
5 30 122
63 27 38
111 41 115
111 28 77
76 31 28
81 26 76
0 15 43
28 27 73
61 17 22
42 15 92
73 30 118
73 19 89
64 27 113
57 27 36
81 19 45
5 27 16
82 40 50
85 31 24
87 30 131
19 26 57
50 19 99
49 27 131
51 6 89
10 43 64
102 15 43
130 34 106
87 19 3
113 18 59
34 2 21
71 29 29
110 19 73
78 40 77
78 26 52
15 13 82
123 43 108
106 16 82
111 37 132
102 13 29
63 19 45
99 27 5
53 27 89
113 27 120
77 30 59
91 43 108
111 41 131
83 28 49
49 28 27
132 15 43
53 20 77
83 29 7
50 30 4
77 12 73
91 0 76
21 30 63
116 19 52
19 26 77
113 27 50
114 20 52
77 27 116
21 30 1
95 42 50
63 30 87
50 19 28
128 11 129
86 41 131
57 19 3
87 29 29
122 43 18
76 17 36
11 13 20
100 27 16
65 28 38
106 0 55
97 20 49
10 27 50
35 27 5
5 18 21
82 27 19
22 26 81
59 30 87
23 14 67
50 30 87
37 13 95
60 20 50
128 29 54
94 15 92
58 13 56
67 15 43
52 40 49
99 30 27
63 27 113
88 26 43
106 23 82
19 19 106
110 19 113
95 2 71
3 19 87
23 14 114
70 27 99
89 19 3
77 29 82
22 45 88
116 27 63
75 7 28
25 13 56
50 36 22
34 43 37
30 13 53
116 30 21
55 20 81
83 41 16
106 23 31
54 20 49
126 20 19
124 33 103
109 27 99
42 19 63
100 27 5
106 0 30
49 28 1
59 27 4
10 20 50
73 27 38
95 6 89
104 27 21
76 17 12
77 19 63
27 13 74
109 23 31
65 41 36
17 13 58
88 5 113
113 18 99
112 43 93
115 13 38
83 41 1
75 25 77
81 27 5
79 5 113
57 5 89
109 0 64
50 27 99
99 27 59
87 19 59
80 34 43
102 27 116
113 27 17
7 13 34
5 27 17
42 5 28
53 2 113
100 5 99
134 27 59
77 40 89
102 27 87
77 29 53
21 30 59
100 28 1
53 2 65
53 2 99
47 27 87
127 5 77
50 12 19
109 23 11
10 2 99
87 27 4
95 3 89
91 0 60
10 43 20
89 19 113
64 15 92
81 19 5
23 11 91
79 7 28
102 13 7
37 13 34
19 36 52
70 20 57
103 27 21
73 40 19
32 28 59
100 5 77
89 19 45
76 5 59
86 41 27
73 30 50
54 3 50
88 15 43
73 30 115
109 23 20
14 15 43
81 5 28
63 30 27
47 15 43
87 27 73
5 19 45
125 26 52
109 0 105
105 20 81
29 2 32
31 13 70
73 40 50
75 5 19
35 20 49
28 29 132
8 15 92
3 19 77
123 0 104
127 26 57
114 20 89
106 0 37
127 7 76
87 18 113
109 0 11
71 28 49
59 43 116
102 20 89
82 43 37
96 20 50
117 15 92
123 0 11
89 30 59
54 3 73
75 31 8
20 27 5
28 30 89
75 26 52
81 27 115
19 5 87
85 19 113
21 19 77
113 9 5
4 15 92
31 43 126
89 5 50
89 43 45
59 30 27
55 40 89
52 19 100
113 27 38
100 27 1
77 5 5
46 11 91
30 13 60
55 40 5
134 13 35
78 40 63
115 13 25
89 5 59
9 13 58
102 22 96
113 43 21
82 40 99
34 43 18
21 30 56
109 16 134
126 13 70
91 26 77
42 5 113
102 20 73
11 13 35
21 27 56
65 43 18
82 43 98
57 12 73
123 0 5
20 2 86
5 27 58
12 20 77
65 29 10
134 13 29
95 13 8
99 27 50
32 29 132
70 13 64
63 30 118
41 33 103
22 11 84
132 37 7
19 5 77
87 15 92
109 16 77
86 28 36
50 30 63
77 27 17
57 27 27
30 13 70
95 2 21
20 27 19
78 26 50
99 30 89
83 41 118
59 19 21
104 43 98
77 29 20
15 20 19
116 30 50
45 19 57
75 7 21
102 13 105
101 3 57
125 15 92
13 28 28
19 30 58
49 27 27
34 42 57
42 5 21
75 31 70
52 2 71
59 19 89
75 7 59
60 20 57
79 6 49
32 28 89
19 30 50
89 36 19
41 28 123
73 36 19
128 14 68
27 13 4
114 20 49
60 13 8
72 28 91
26 15 43
20 40 21
91 0 5
77 27 1
113 19 28
100 41 4
106 18 78
65 41 115
113 29 128
77 30 131
