0
2
8198
9
8202
15
8209
8212
8213
8214
27
29
32
8225
34
8229
8232
40
43
44
8235
50
53
54
56
68
8261
75
90
92
95
8296
8304
8307
119
8312
8315
8320
8321
131
138
8331
140
8337
8338
8339
156
158
160
164
170
171
8369
177
181
8375
190
202
206
208
209
8404
212
8406
215
8412
220
8418
226
8423
8425
236
8433
243
249
8458
8461
272
273
274
8469
8470
282
8476
293
8490
301
308
309
8500
315
324
8518
329
330
331
8529
339
340
344
350
352
8547
361
363
8558
367
379
380
8571
382
8576
386
390
393
8585
8587
8601
417
419
8613
422
428
8621
8629
8630
8635
444
445
447
449
8646
464
473
474
477
8670
8677
489
491
8686
8687
8696
507
8700
8708
518
8710
8712
8714
8715
527
8719
8723
532
8725
540
541
549
8742
8745
555
8754
8759
570
8764
8765
580
583
585
8780
588
592
593
594
8789
8791
603
607
8800
611
8803
8804
615
8808
622
8814
629
8824
637
8829
640
642
646
8841
8843
8859
8872
8881
8886
8891
705
8903
713
8910
8917
729
733
748
8946
8947
8952
769
771
773
775
787
8985
794
795
799
800
803
804
805
806
9002
812
816
834
9029
841
848
853
854
855
9047
9050
862
9055
9057
866
878
879
884
890
9086
9093
9095
913
915
917
9111
9112
924
9125
934
938
941
942
944
945
9136
948
9140
954
961
9153
965
967
972
977
978
979
980
9178
9180
9186
9188
9189
9190
9191
9193
1002
9195
9199
1015
9207
1020
9213
1022
9217
1033
9233
1044
1046
9238
1048
9242
1056
1058
1075
1080
9277
1087
1088
1094
9287
9291
1108
9300
1113
1124
9320
9328
9335
1147
1149
9343
1159
1161
9354
1163
1164
9367
9368
1177
9372
9378
1187
1194
1196
9392
1203
1209
9402
1219
9417
1232
1234
1235
9443
9447
9448
1260
9457
9458
1267
9466
9467
1276
1280
9478
9483
1291
1300
1302
1304
9499
1307
9505
1314
1315
1320
9515
1323
1326
1327
9518
9522
1340
1341
9534
1348
9550
1361
9561
9564
9565
1378
1379
1380
1383
9577
9581
1394
9592
9596
1405
1406
1412
9606
1415
1420
1424
9621
1431
1432
1437
9631
9637
1445
1448
9644
1452
9649
1457
9651
9654
9655
1474
9669
1478
1483
9683
1502
1514
1515
1516
1518
1527
1533
9731
9732
1546
1551
9752
9753
1562
9763
1573
1576
1577
1585
1586
1589
1590
9781
1592
9787
1599
9793
1607
9807
1618
9815
1629
9827
1650
1652
9851
1662
1669
1674
9866
9868
1680
1682
1683
1687
1688
1694
1695
9888
1697
1700
1701
9896
1705
9901
1713
9906
9908
1718
9911
9910
9917
9923
1733
1739
1744
9942
1753
1761
1771
9969
9970
1803
9997
1806
10004
1817
10010
1819
10013
10022
1834
1835
1837
1839
10038
1850
1853
10051
1864
1874
10069
10070
10084
10085
1898
10099
1917
1919
1920
10113
1928
1932
1934
10128
1942
1948
10143
1953
10146
1956
1970
10162
1973
10167
1979
10174
1985
1996
2002
10195
10199
2009
10203
2015
2016
10213
2023
10215
10217
2033
2035
10227
2037
10233
2046
10240
2048
2052
2053
2055
2058
10251
10254
2068
2076
10269
10275
10279
2091
10284
10283
10286
2096
10289
10297
2109
10301
2121
2127
2133
10330
10334
2147
2161
10354
2164
10361
2171
2172
2173
2178
2182
10374
10378
10379
2187
2193
2197
2198
2199
10398
10405
2215
10411
2222
10419
10420
2231
2238
10433
10434
2244
2254
10456
2269
2272
2279
2282
10478
10479
2293
10485
10487
10494
10497
10505
10511
2320
2326
10518
2330
2337
10530
2341
10539
2355
10554
2370
2371
2375
2386
2387
2388
2391
2394
2397
2404
10600
2410
10605
2416
10617
2428
10621
2433
2434
2438
2439
10630
10636
10640
2456
10656
10667
10671
10690
2504
10703
10705
10710
10717
2528
2534
10732
10736
2545
10741
2549
2557
10755
2563
2565
10763
10764
10766
10768
10769
2578
2579
10778
2587
2588
2589
2592
2600
10792
2607
10805
2616
10809
2620
10815
10826
2635
10833
2646
10839
2649
2650
2651
2655
2664
2667
10861
2691
10885
10886
2697
2698
2704
2705
2706
10903
2715
2722
2737
2739
10935
10940
2751
2761
2770
2774
2775
2779
2780
2781
2782
10982
2792
2806
2810
11003
2823
11016
11024
2840
2844
11040
11046
2868
2871
2877
11069
2879
2880
2878
11077
11078
2901
2902
2904
11099
2909
2931
2934
2937
11130
2939
2940
2951
2963
11160
2978
11177
2992
2995
3007
11209
3020
3025
3027
11230
11233
11236
3047
3057
11253
3070
11264
3082
3084
3090
3091
3093
3095
3096
3099
3100
11293
3104
11307
3120
11315
11331
3142
11337
3148
3169
11363
3175
11369
11375
3183
3188
3189
3192
3195
3198
11393
11404
3227
3243
3277
3280
3289
3298
3304
3306
11500
3320
3323
11522
11525
3336
11543
11547
11562
3373
3374
11572
3389
11582
3394
3396
11598
3408
3411
3412
3415
11609
3417
3420
11612
11621
3435
11628
3437
3441
11637
3446
3448
11641
3456
11651
3466
11672
3481
3482
11673
3485
3486
11680
3492
3500
3510
3513
3514
3515
11707
3522
3529
3531
3538
3552
3554
11757
11759
11764
3573
3588
11780
3590
3589
3593
3595
3596
11790
3600
11805
11806
3619
11811
11833
3643
11835
11841
11842
11844
3655
11847
3664
11858
11863
11867
3680
3683
11877
3686
3699
3701
11894
3704
11897
3706
11899
3715
11907
3718
11914
11915
11927
11953
3765
3770
3780
3781
3782
11975
11979
3790
11984
3793
3794
3796
11990
11992
3806
11998
12000
3807
12001
3815
12007
3825
12019
3827
3831
12029
12032
3841
12039
3848
12043
3854
12050
3860
12062
3874
12067
3877
3879
3887
3893
12087
3898
3899
3904
12102
12111
3925
12119
3930
3932
3934
3935
12143
3955
3956
12149
12158
12159
12160
3969
3971
3977
3981
3986
3987
12178
12193
4013
4024
4028
12225
4035
12228
12230
12242
4055
12252
4066
12273
4089
4095
12288
4108
12301
4114
4123
12320
12324
4140
4147
12339
12341
12344
4152
4154
12360
12361
4175
12372
12376
12379
12384
12387
4198
4201
4208
4212
12408
12419
4231
12426
4234
4242
4249
4251
12444
4253
4254
12448
4262
12460
4271
4277
12474
4282
4284
4288
4291
4294
4298
4301
4319
12513
4331
4336
4341
4343
12541
4353
4354
4358
4363
4372
12574
12576
4385
4390
4394
12587
4396
4401
12598
4410
12605
4415
12609
4420
12620
4429
4432
12625
12632
4445
12639
12645
12646
4456
12653
4462
4464
4467
12659
4471
4472
4474
4478
4481
4484
4489
12682
4494
4495
12689
4507
4508
4525
12723
4536
4539
4545
4546
4550
4557
4564
4565
4566
12760
12766
4577
4586
12781
4603
4612
4613
12817
12822
12826
12848
4663
12863
12871
4682
4683
4684
4687
4688
12883
4692
12894
4706
4707
4708
4710
12913
4732
12931
4744
4764
12971
4786
12979
12980
4796
4800
4801
4812
4817
13020
4829
13022
13027
13033
4842
13034
4847
4856
4859
4868
4875
4882
13079
13080
13083
13084
4896
4899
13093
4906
13106
4921
4932
13125
4935
4941
13146
4957
4965
4970
4972
4974
13168
13169
4981
4986
4994
13190
5009
5010
5011
5015
5027
5033
13226
13232
5054
13249
5063
13256
13259
13261
13264
5073
13275
5086
5087
5091
13285
5103
13297
5108
13327
13330
5139
5150
5162
13358
5169
5172
5175
5184
5210
13404
13408
5222
13415
13432
5241
13460
13470
13472
5286
13490
5299
13493
5302
13496
5309
13503
5314
5316
5317
5320
5321
5334
5336
5341
13534
13535
5348
5364
13559
5383
5397
13592
13594
5406
13603
5416
5422
13618
5436
5445
5447
13648
5468
5474
13666
5476
5481
13675
13684
5496
5498
5500
13692
13693
5502
13697
13707
5516
5519
5522
13719
5527
5529
5528
5534
5535
13732
5546
13740
5557
13751
13757
13760
13767
5579
13771
13777
5589
5590
5593
13797
13798
5605
13802
5616
5617
13814
13818
5627
5630
5631
5634
13827
5638
13838
5656
13856
13857
5667
5674
5675
5676
13879
5698
5702
5703
5707
13900
13922
13945
13946
13957
5766
13959
5778
13970
5780
5783
5789
13986
5798
13992
5804
5808
5812
14046
14050
5862
14061
5887
5901
14094
5910
5913
14116
5927
14121
5949
14141
14164
5978
5983
5985
6001
6026
6027
6029
6036
6042
6051
14246
14250
6065
14259
14270
6079
6088
6093
14288
6099
6123
6143
6145
6150
14343
6153
6156
6157
6163
14359
6178
6184
6198
6199
6204
6216
6217
6223
6225
6234
6243
6253
6267
14465
6277
6281
14477
6298
14494
6302
14496
14507
14540
6351
6360
6366
6391
6393
6411
6418
6420
6423
6440
6459
6464
6467
6473
6488
6489
6504
6516
6534
6537
6550
6555
6557
6562
6563
6583
6602
6615
6619
6621
6632
6654
6655
6667
6672
6673
6676
6679
6680
6693
6696
6704
6705
6708
6711
6715
6737
6745
6755
6759
6760
6766
6774
6778
6780
6784
6796
6798
6809
6812
6813
6816
6837
6847
6851
6856
6859
6876
6878
6882
6903
6904
6923
6941
6971
6972
6980
6982
6986
6996
7007
7010
7020
7032
7035
7042
7048
7051
7056
7057
7058
7077
7080
7081
7095
7097
7106
7117
7121
7124
7129
7133
7142
7150
7155
7160
7175
7176
7177
7180
7188
7197
7204
7209
7210
7215
7216
7225
7229
7232
7233
7238
7260
7265
7275
7278
7280
7289
7329
7336
7354
7356
7360
7378
7413
7427
7428
7436
7445
7467
7468
7469
7472
7480
7490
7511
7517
7518
7531
7553
7556
7557
7584
7600
7604
7607
7608
7612
7620
7621
7629
7640
7643
7649
7667
7677
7689
7694
7700
7701
7702
7706
7717
7728
7731
7752
7780
7798
7822
7839
7844
7876
7892
7893
7896
7900
7914
7916
7922
7925
7941
7946
7947
7971
7979
7989
8013
8018
8030
8038
8045
8054
8059
8090
8094
8103
8139
8142
8147
8156
8168
8189